-8.214201655775424599e-06
-1.372845595816498555e-05
-7.999020217967099580e-04
-1.352363618910832938e-04
3.092872602419839500e-05
2.011895437284948941e-05
9.557211317360985987e-06
-3.820839410285373378e-06
-6.232610444666107165e-07
1.988794676647719403e-06
1.798649238333572180e-07
-6.153998549570629156e-08
-2.280486447432810844e-08
1.406398600829660458e-07
2.274509841389832947e-07
2.300306274820511094e-08
-1.572653510349146469e-08
-3.974936120421572610e-09
-1.433040571137541349e-07
-6.573999965324418493e-08
-2.177186888257862627e-07
8.583061039754071028e-08
3.093779432661249251e-07
-2.944427710333310390e-08
-3.330317444469355433e-08
-6.162516141635240061e-08
-1.202485970381447797e-07
-3.076161062497104022e-08
2.313064439128372287e-10
2.292993146737572915e-08
-1.411246583126800866e-07
-2.647507798588564735e-08
3.457814694547747936e-08
3.535925893357380257e-08
-3.418105614165993230e-08
-1.583688933718167217e-07
1.012797271590110401e-07
2.562090584582817896e-07
-2.444895666644071396e-08
-4.979131491438313074e-08
-2.076604778027471311e-07
-1.452476801605392218e-07
-1.909545607780813125e-07
-4.140272436638787089e-07
-5.639934119954284032e-07
-1.227500442716898632e-06
-1.947706456334992766e-06
-3.273951913389777314e-06
-5.192352644414561846e-06
