-1.194679728397433872e-05
-1.980733829726684289e-05
-1.077133905927803561e-03
-1.519773320369282514e-04
4.358444211166163332e-05
1.658965415525065864e-05
2.398549602516097313e-06
-1.332335275220263179e-06
1.629816851936227506e-06
4.550925948376061261e-07
-2.440652094473894876e-07
-1.256780047896774447e-07
-1.604059700341167774e-07
-1.366082574509440694e-07
6.310354307689493841e-08
1.457346526672138439e-08
-1.628435072394222375e-07
-6.812635356888434155e-09
5.664900883157117720e-08
-5.565218230427167767e-09
2.460946088137883220e-07
5.694319531931366159e-08
-2.056334398814257176e-08
1.748808934360601829e-07
1.773989087065118717e-07
-1.101112467177508824e-07
-1.075328597482854415e-07
3.386144369441476939e-08
1.897932070755456980e-08
-2.771581229295496183e-08
-4.256350579346231629e-08
2.369912349741317857e-07
1.700902709291848032e-07
-1.165152584466342702e-08
2.526520739717943143e-08
7.121820226943954045e-08
7.056591199310062196e-09
-5.769651171224500800e-08
5.493674015745062083e-08
-1.013383430345409753e-07
9.970229271565001302e-08
-3.204593418913237084e-07
-4.325400556337169854e-07
-6.636738552043014031e-07
-9.158674234832865898e-07
-1.763365287119160062e-06
-2.739152133168838517e-06
-4.476083953312462761e-06
-7.542537164392824152e-06
