-1.462083138277712432e-06
-2.622262173064377229e-06
-7.534344594908582143e-04
4.759606952424768331e-05
9.223688791069610846e-06
1.677105825408498600e-05
2.933277337991895692e-06
8.110282750876216604e-07
-1.425914101175619564e-06
-1.663120625907863012e-06
-9.908095184916553125e-08
2.624454673115753441e-07
-1.624587473395667151e-07
3.338108641988796370e-08
4.483677957255745166e-08
-2.272849655834033843e-08
6.738530411162273816e-08
-1.318730119721173922e-07
2.174619084598256286e-08
-2.635504384574270156e-08
-2.126007975966536514e-07
-1.018217795072811392e-07
-1.916260472310982058e-08
-6.106306355050666979e-08
-9.495394166931023019e-09
-3.854787158901162777e-09
-1.056476775362339673e-07
4.154432204662217048e-08
5.605603793178550658e-08
-7.432304252075775190e-08
-8.398636677852381007e-08
-1.854658209056216439e-07
-8.286421105874349958e-08
-1.424359400919484305e-07
-2.010722883843532184e-07
7.429247114041876855e-08
6.948458981206337186e-08
-1.446947117729709508e-07
-5.107443403085964430e-08
4.225381293752249147e-10
6.443742709884127751e-08
4.906226138658068876e-08
-9.440736302779392982e-08
-2.710204727223795743e-07
1.652564732815241083e-09
-8.563504499159779379e-08
-4.766724708442070395e-07
-7.328525557563466932e-07
-8.203079358028723468e-07
